380663817301
380638147872
380631160408
380974054411
380660653003
380977444499
380953033625
380631336427
380684650772
380636021188
380502026684
380972570848
380503309666
380677296291
380503575372
380509350689
380674826267
380631863511
380675012147
380938514777
380997681370
380952848300
380956126125
380683568045
380734686662
380963915595
380631005389
380932928563
380676934848
380638130891
380992125809
380964497680
380966595959
380676341410
380956930389
380935725572
380633438495
380936534910
380504450222
380973552277
380980085769
380931168417
380637274429
380988666092
380661183594
380934828717
380986047435
380637554781
380663817301
380638147872
380631160408
380974054411
380660653003
380977444499
380953033625
380631336427
380684650772
380636021188
380502026684
380972570848
380503309666
380677296291
380503575372
380509350689
380674826267
380631863511
380675012147
380938514777
380997681370
380952848300