380976198820
380638071623
380962185806
380999118897
380938609030
380936917000
380674583074
380503819855
380689280112
380939507575
380638050139
380988045759
380939830809
380636920073
380954277865
380671330373
380930707101
380679899769
380500868960
380997584656
380636976241
380677606080
380674661756
380633444498
380968461896
380978386128
380662255477
380982136928
380932200930
380674073998
380630252098
380979356544
380680170111
380930093093
380935076777
380967236981
380932566709
380937027677
380735546446
380502509591
380965141271
380677818585
380635188814
380509315975
380930957898
380503851835
380931000499
380677848731
380672096670
380672320278
380667735890
380672430800
380639551117
380686356380
380966255571
380631602326
380630537341
380506756240
380667565115
380688093442
380939049064
380934803739
380503283978
380500133053
380685493589
380676593002
380993679664
380990649372
380674400618
380676911911
380971095528
380633255626
380939865621
380663449070
380930201334
380675083525
380961075540
380976926706
380975105671
380630102266
380678444555
380966523232
380956383377
380963087692
380974200171
380675360615
380634810934
380632932530
380669598058
380632375995
380973540545
380672987645
380634691784
380985968404
380633931537
380971119003
380977037175
380509562584
380630789428
380683108189
380994032557
380980055293
380505362458
380635911655
380993805777
380973048170
380631777954
380962612328
380679934505
380960150573
380677814735
380961068603
380990125133
380970150330
380963509085
380633900700
380677344747
380976309559
380638788901
380507259227
380951563730
380984152266
380663959966
380731800060
380639785278
380972326376
380505036979
380972450911
380930002019
380667994745
380963070087
380663300502
380638263544
380939589670
380979044406
380638130007
380638611353
380502010101
380504993047
380980603680
380638070992
380673512330
380963823333
380683395067
380734000234
380672353850
380673912782
380675044966
380677867563
380671449565
380507823739
380683899365
380688087082
380961879147
380964578888
380664998774
380960110100
380934150003
380988150384
380737373765
380636295816
380674492424
380633279636
380990451868
380981577211
380676982005
380969720788
380979538637
380977223755
380674192843
380507439858
380634882054
380671122032
380674022881
380984001509
380632901268
380966293422
380953452105
380934774757
380674038998
380509316140
380639793559
380633014117
380961960419
380674712826
380983422307
380634745047
380979401101
380503522645
380675009545
380671221890
380672317087
380935919405
380979275825
380936006969
380689771165
380679730833
380930339874
380986824537
380683083440
380988885108
380636229447
380672433063
380674416216
380688649935
380979083391
380979655684
380639387848
380503848464
380972920410
380977008558
380631299803
380667961848
380501732448
380971085560
380677748385
380966452085
380978788852
380630636162
380634848585
380663262886
380663880617
380662060977
380504805665
380501711145
380674434412
380675024324
380971701000
380634166107
380979459399
380931672685
380672090534
380979180416
380936720231
380503852268
380689767447
380986641940
380671999111
380971563557
380672353150
380984234929
380958566513
380502095701
380678556684
380936027714
380672725117
380969651665
380674170766
380960509509
380634411414
380970771539
380951621733
380677708986
380687843255
380957348299
380987809053
380972230078
380970970096
380503514060
380967765096
380935516896
380677587309
380985334422
380506381018
380674051955
380966054623
380975014208
380984806126
380992188185
380733187877
380632447080
380955788515
380731717817
380930866736
380676695055
380676056716
380676567944
380685747866
380936484006
380636115529
380687770707
380978475282
380984408888
380958221664
380675009202
380954276607
380672455772
380934555932
380934454650
380934816389
380676588177
380632128200
380979709782
380637374968
380981288921
380664334450
380673274223
380630742281
380970559368
380976972141
380508119608
380504336771
380976395048
380631281442
380937478803
380985266109
380963347400
380636072640
380976583749
380989419019
380632319432
380503739581
380672244287
380683583091
380631476299
380933534373
380638804149
380995304808
380973580515
380988881992
380502052625
380673287048
380962502344
380936803920
380985405551
380636545655
380966071944
380673221772
380681168080
380934663055
380988280745
380679891883
380665799758
380502094745
380966210282
380932303527
380638646152
380637991992
380972831223
380677157120
380990006584
380630335763
380674656655
380638223123
380679546469
380509277668
380961905342
380638072015
380674652275
380672140111
380955328922
380992288884
380634340737
380991707537
380503319368
380935756671
380938796842
380676364035
380930882878
380679647232
380967686822
380633601831
380979088121
380979024180
380989123738
380687775977
380504629600
380731532305
380505443530
380638809612
380986788474
380664827867
380505022800
380976774794
380503681532
380968448851
380677173824
380952778816
380509422581
380635842470
380979384940
380669030067
380632705298
380639333388
380506366272
380505594348
380674659175
380632687438
380674438041
380734668311
380634698199
380667894330
380675580066
380961577799
380733535788
380936304444
380672340630
380679690839
380505552760
380979654239
380976901039
380673165640
380936919898
380677736821
380951019194
380938983875
380671638678
380631137509
380677685004
380984866485
380665787840
380673170935
380672988891
380672788886
380631079669
380986002102
380679370048
380982443209
380662920666
380633218869
380959105030
380630414837
380984633780
380638707776
380969648886
380933341990
380631584044
380996849323
380936937284
380674659436
380933867169
380934282119
380930076282
380974036136
380988824198
380504118580
380631540110
380982959998
380509576488
380730734838
380978776533
380937044422
380631921967
380979429095
380952124921
380995555755
380978738423
380635779959
380974655029
380960185983
380951550595
380973422549
380951058504
380962020855
380632439779
380672404600
380953468288
380961317050
380674431344
380674645010
380976268830
380685802097
380508848219
380935519393
380984841313
380936843111
380679428481
380734137776
380505108088
380505795747
380964335777
380675375422
380674466077
380980030003
380507578494
380992632901
380630573689
380936639845
380505740895
380504234233
380976093147
380504647067
380975260644
380968162042
380675488516
380672779470
380979636463
380637016904
380677949553
380665999834
380933339779
380675370260
380935220838
380730484000
380630298888
380664002720
380974465019
380638126010
380500188550
380937978729
380638722778
380991002571
380660710995
380967866658
380679119901
380989991918
380939810676
380983800931
380963789953
380630409495
380734010917
380979989591
380503932360
380993862524
380731562771
380679517090
380952944489
380675067769
380934207817
380989812500
380677788599
380638283921
380633816006
380973699600
380931984304
380637555562
380679318769
380634688800
380666341667
380672471531
380980010777
380508130000
380672096050
380985266001